Python 3.7.4 (tags/v3.7.4:e09359112e, Jul  8 2019, 19:29:22) [MSC v.1916 32 bit (Intel)] on win32
Type "help", "copyright", "credits" or "license()" for more information.
>>> 
=============== RESTART: C:/Users/owner/Desktop/Ex10/ex10-0.py ===============
[  0,  0][ 15,  0][ 30,  0][ 45,  0][ 60,  0][ 75,  0][ 90,  0][105,  0][120,  0][135,  0][150,  0][165,  0][180,  0][195,  0][210,  0][225,  0][240,  0][255,  0][270,  0][285,  0]
         [  0, 15][ 15, 15][ 30, 15][ 45, 15][ 60, 15][ 75, 15][ 90, 15][105, 15][120, 15][135, 15][150, 15][165, 15][180, 15][195, 15][210, 15][225, 15][240, 15][255, 15][270, 15]
                  [  0, 30][ 15, 30][ 30, 30][ 45, 30][ 60, 30][ 75, 30][ 90, 30][105, 30][120, 30][135, 30][150, 30][165, 30][180, 30][195, 30][210, 30][225, 30][240, 30][255, 30]
                           [  0, 45][ 15, 45][ 30, 45][ 45, 45][ 60, 45][ 75, 45][ 90, 45][105, 45][120, 45][135, 45][150, 45][165, 45][180, 45][195, 45][210, 45][225, 45][240, 45]
                                    [  0, 60][ 15, 60][ 30, 60][ 45, 60][ 60, 60][ 75, 60][ 90, 60][105, 60][120, 60][135, 60][150, 60][165, 60][180, 60][195, 60][210, 60][225, 60]
                                             [  0, 75][ 15, 75][ 30, 75][ 45, 75][ 60, 75][ 75, 75][ 90, 75][105, 75][120, 75][135, 75][150, 75][165, 75][180, 75][195, 75][210, 75]
                                                      [  0, 90][ 15, 90][ 30, 90][ 45, 90][ 60, 90][ 75, 90][ 90, 90][105, 90][120, 90][135, 90][150, 90][165, 90][180, 90][195, 90]
                                                               [  0,105][ 15,105][ 30,105][ 45,105][ 60,105][ 75,105][ 90,105][105,105][120,105][135,105][150,105][165,105][180,105]
                                                                        [  0,120][ 15,120][ 30,120][ 45,120][ 60,120][ 75,120][ 90,120][105,120][120,120][135,120][150,120][165,120]
                                                                                 [  0,135][ 15,135][ 30,135][ 45,135][ 60,135][ 75,135][ 90,135][105,135][120,135][135,135][150,135]
                                                                                          [  0,150][ 15,150][ 30,150][ 45,150][ 60,150][ 75,150][ 90,150][105,150][120,150][135,150]
                                                                                                   [  0,165][ 15,165][ 30,165][ 45,165][ 60,165][ 75,165][ 90,165][105,165][120,165]
                                                                                                            [  0,180][ 15,180][ 30,180][ 45,180][ 60,180][ 75,180][ 90,180][105,180]
                                                                                                                     [  0,195][ 15,195][ 30,195][ 45,195][ 60,195][ 75,195][ 90,195]
                                                                                                                              [  0,210][ 15,210][ 30,210][ 45,210][ 60,210][ 75,210]
                                                                                                                                       [  0,225][ 15,225][ 30,225][ 45,225][ 60,225]
                                                                                                                                                [  0,240][ 15,240][ 30,240][ 45,240]
                                                                                                                                                         [  0,255][ 15,255][ 30,255]
                                                                                                                                                                  [  0,270][ 15,270]
                                                                                                                                                                           [  0,285]
>>> 
